0.00
0.28
0.25
0.29
0.47
0.50
0.64
0.68
0.55
0.38
0.38
0.18
0.34
0.00
0.25
0.43
0.32
0.26
0.09
0.29
0.24
0.19
0.17
0.16
0.21
0.38
0.00
0.16
0.57
0.14
0.23
0.40
0.25
0.44
0.35
0.28
0.20
0.18
0.32
0.00
0.28
0.16
0.24
0.31
0.42
0.25
0.21
0.28
0.34
0.27
0.27
0.34
0.00
0.26
0.32
0.30
0.34
0.40
0.36
0.25
0.35
0.42
0.20
0.34
0.30
0.00
0.20
0.64
0.22
0.42
0.25
0.33
0.15
0.34
0.31
0.32
0.13
0.30
0.00
0.18
0.20
0.21
0.35
0.25
0.48
0.55
0.34
0.36
0.54
0.21
0.37
0.00
0.20
0.28
0.38
0.41
0.44
0.34
0.25
0.10
0.32
0.13
0.32
0.20
0.00
0.27
0.27
0.26
0.29
0.41
0.47
0.48
0.30
0.27
0.22
0.42
0.32
0.00
0.18
0.21
0.23
0.26
0.15
0.16
0.24
0.24
0.14
0.12
0.09
0.17
0.00
0.18
0.11
0.15
0.23
0.24
0.11
0.17
0.17
0.16
0.24
0.25
0.29
0.00
